camera_matrix:
- - 1948.6622817614946
  - 0.0
  - 1219.1917725015537
- - 0.0
  - 1952.910656456185
  - 1238.025809090403
- - 0.0
  - 0.0
  - 1.0
dist_coeff:
- - -0.48635747081358954
  - 0.2855108235838837
  - 0.0004392418662362485
  - -0.0015753318920172239
  - -0.09471156339114162
